0.098705520729709 0.41528011668197 0.133374339027796 0.0625276839200524 0.110704843289568 0.898285788560315 0.21637333615945 0.544817466376116
0.205209318723064 0.928035221670143 0.453332364810194 0.109937236258702 0.945538067160669 0.481114557125693 0.908890752773004 0.59982252005284
0.899320268312295 0.975850978527887 0.0912262137753714 0.191224272122781 0.79221607571526 0.130827322100231 0.0514923074770195 0.16317417904429
0.276891179422819 0.322114357528335 0.0595300448949274 0.871720869341516 0.57450065514422 0.199719875137816 0.240701575439743 0.248576083857188
0.171338866632141 0.986705962423002 0.561230565941514 0.739731049423426 0.28170470733312 0.633509866180248 0.565370932345104 0.64837491605067
0.0161603999331419 0.0374760263839562 0.00592556680567213 0.819827868857828 0.21226160880542 0.153404240627424 0.93908218028082 0.94815435921555
0.451740551488911 0.110470178235119 0.562549839618441 0.391895393302548 0.633059456526098 0.249027255977126 0.630112012611789 0.0474312496990024
0.788969351819105 0.22875302556713 0.0356310590650537 0.561924635418109 0.684430434332171 0.450959977479215 0.221187983286654 0.581514877052541
0.972395916811365 0.449485863107839 0.340932276041713 0.0308064567107067 0.234218843816052 0.229987810547755 0.89922017643039 0.864475595317344
0.000482584116980433 0.133084263852652 0.757615052567417 0.337499819830555 0.512560755065351 0.67637177832512 0.56094697372464 0.0430017566905008
0.419011247664457 0.729710536463244 0.183991873338528 0.207764185324777 0.658092173653131 0.700529763362283 0.395540627108858 0.98640074823561
0.754178620234597 0.521013357996708 0.663918569152884 0.879097211432963 0.779499507832952 0.498061460526515 0.753312544900837 0.936734937891742
0.825755900357763 0.427862960012135 0.537612579362758 0.440744122588512 0.145261782792659 0.16164480281077 0.92415202862685 0.30263257975821
0.855411437991279 0.00975507768453099 0.901089478815265 0.278972402593354 0.762260907915334 0.750104426333564 0.176007536196266 0.825262539285177
0.593750144733349 0.400274144583818 0.514435033248446 0.762512626220996 0.895880413649138 0.981220286248572 0.379620457126293 0.438844272921415
0.945414712085039 0.290879844455048 0.681199284088507 0.377923488231318 0.861671291448147 0.995077217681683 0.368338091360783 0.502501504633983
0.0772830293826701 0.601698815196869 0.800077180207154 0.725983476128022 0.540232648894744 0.00292016370804049 0.472200688800513 0.880708575721656
0.683321100987087 0.182397982101975 0.699801317052334 0.372411667267443 0.851436067670875 0.726859528691421 0.0410742919048062 0.747731196592213
0.518626715929713 0.0213443485881726 0.373419925701455 0.496038746532577 0.0897393299055693 0.366187592018832 0.456550299495575 0.469422141391988
0.225285167423863 0.792679391626734 0.833305790391023 0.184764377710962 0.613939827839204 0.081583081271674 0.702956980701856 0.110123426748032
0.291748257342988 0.532557704395003 0.717902409225644 0.599366158672638 0.703518027803511 0.0980245922946779 0.610366736269498 0.700537438828178
0.140993044769857 0.487226414046745 0.0696408731928386 0.933934142041835 0.249542168221524 0.0336614160551107 0.803372420159576 0.76741912576108
0.907460501101014 0.954622512221249 0.790869382293749 0.978939897227974 0.703077675370878 0.550561963969812 0.95651193471349 0.844464366149623
0.864164941540366 0.760242312797345 0.401142700251512 0.683395720549015 0.0528619370379602 0.283912348262675 0.409598780250235 0.313350491742312
0.0607345106400317 0.276522497471888 0.729716943107633 0.688293463459559 0.55208841658532 0.609473273154435 0.133947306479968 0.916809799156908
0.132919931369543 0.306231822523841 0.347425975145597 0.484228405075555 0.59718520518436 0.421533589003957 0.514569005765225 0.965449851490121
0.345459033527732 0.920890483754192 0.447762236632116 0.16263795280247 0.169790598803957 0.0528612839698326 0.00730922334696515 0.63130464502683
0.342092325961858 0.0634309873130405 0.521823314262292 0.531807075007237 0.875838369011035 0.122787765689282 0.828478198807716 0.977225169932353
0.577190188942041 0.344888021907536 0.855165532211686 0.850002251892874 0.841085987492988 0.836469268102519 0.980330812493776 0.351641604909673
0.327942594209162 0.946803637121775 0.109103339647845 0.574197684203682 0.272472444474261 0.391982363817078 0.819395580074342 0.399723108348553
0.989482073840918 0.206676308436727 0.119725493805163 0.585197861746565 0.746011444731266 0.781809980126127 0.591831421166717 0.0830835395972827
0.658946503415791 0.248457608340686 0.64765245259332 0.768009511444689 0.495986874466325 0.854703693315969 0.189705307682743 0.559406372576632
0.388205921484769 0.884255608671083 0.983609040249576 0.96808368445636 0.727736770029878 0.173801408585859 0.995382534736564 0.23118416282523
0.797587799446774 0.663514780873811 0.261906804749742 0.809340525604057 0.444681482113083 0.885417037134175 0.873500485420664 0.798360729382694
0.191415996509022 0.101854823766189 0.586561620410066 0.0567917252446932 0.0762628058437258 0.0674655893635645 0.0186644495806831 0.214538996751799
0.688007050193846 0.770764966582647 0.429141723696375 0.43274952678621 0.815675226374879 0.355869240444008 0.26105545766768 0.434894077632634
0.773925680139655 0.636869969861436 0.734517166056321 0.0319028664198413 0.338498121731391 0.660039046055317 0.10632510706273 0.665402002410701
0.839455922072375 0.0539256515658053 0.995111305019236 0.0894141587305057 0.30507660082003 0.781026052271045 0.714283469133079 0.841617321679223
0.930296531794738 0.838466678422265 0.286237279618945 0.632187906445324 0.0102579963822791 0.0187758092433796 0.0897889423467859 0.458033405153401
0.731674891270814 0.0838564679361298 0.215262487439759 0.228513597150595 0.805704348786094 0.250659260083921 0.518628829922818 0.903349126354442
0.301931890222477 0.159003704371571 0.201269213939668 0.144834009413898 0.588363892224152 0.941944694492122 0.724772395256878 0.103047798122134
0.704583994833229 0.748775035521248 0.412445423273311 0.644168458991771 0.989527560399438 0.575505600623728 0.298946844675811 0.577368769769237
0.249275750626111 0.457787522223953 0.489691984861565 0.909093524824129 0.923292276122083 0.329485871181532 0.665486340785719 0.39030574878052
0.881288443637459 0.506069842398574 0.922703849613754 0.287809312630998 0.360939693655382 0.819962315468729 0.537655221152818 0.497965913178632
0.64207338766937 0.384120753278694 0.623045383075805 0.518333327883738 0.344243512598041 0.740893533111375 0.143951353795273 0.677888424874254
0.174497411331686 0.48114725956475 0.221989665802539 0.464235291790828 0.0180647019806202 0.280031406782655 0.605521477096772 0.721287082164054
0.39461350309648 0.850805281923385 0.631378498947015 0.137784283950168 0.654932376331999 0.537332911382691 0.858817516527779 0.197366884494841
0.638573446423834 0.261788656454883 0.958525461079262 0.610993041780603 0.387802039040253 0.324629354265198 0.33460927680062 0.753699325545313
0.459782613146672 0.153301313450356 0.238190552921878 0.0983904211425397 0.133966698995209 0.303829048887565 0.287788407928019 0.621222398098325
0.546802275137452 0.696125857615698 0.941274098200665 0.410502208931575 0.253131172103167 0.602534119076154 0.790362835985434 0.78193012695192
0.587826024944661 0.868508683121036 0.268693571528274 0.708378977466054 0.175407053327945 0.437098423157295 0.423787986972457 0.408581821313419
0.043568687968218 0.362694294297398 0.772127606542199 0.782813543977682 0.417088328358659 0.205873417628027 0.322602741107403 0.184621548538416
0.43142762046773 0.704297897926153 0.473500588454044 0.903379746974679 0.455317871445004 0.37532660477882 0.109579652165849 0.0288708573243639
0.487585838105588 0.33547673682915 0.606914511110517 0.256609352658415 0.483930325361143 0.456617516803817 0.888711386141949 0.271967188724375
0.5585470092592 0.19125397132666 0.864468746545754 0.948000215204956 0.101741913382284 0.705617194445949 0.779373894511082 0.520579469826771
0.511897259562829 0.643360102356382 0.315646838807879 0.316517126499093 0.978664174697769 0.526369930797955 0.687386795245402 0.36349365400747
0.264936850613594 0.586180425445491 0.879479075698328 0.346179752865282 0.0424884166386619 0.580578538338159 0.444734283380967 0.291183562454535
0.474746439587761 0.895454947069084 0.910937687564001 0.307843994847644 0.19304416333398 0.802888231126417 0.072863097062509 0.328430196346744
0.74861727742973 0.680556901970704 0.164094118783396 0.999983401918143 0.527520847830601 0.908503197442769 0.484552550155058 0.707765764076612
0.0808028312894749 0.565711233535694 0.383971074850706 0.502289270785695 0.324659933266958 0.500244473711064 0.160295702204166 0.0108244853217911
0.116601855435874 0.798296358574589 0.822600729927217 0.830294206585677 0.428956150790327 0.93436503198609 0.737039949224709 0.133489889056364
0.623640224413975 0.609382341288438 0.153530707069876 0.0065584153526288 0.393246780735353 0.87340394189232 0.275153477676213 0.153208633477334
0.365040234482876 0.820859058814676 0.300554938799905 0.661672021717095 0.916758303377719 0.653721822029183 0.640640032812371 0.256048160514183
0.960154481072095 0.555509950456326 0.0194429745060916 0.236241127422545 0.96320302705135 0.956746335657954 0.357942495167663 0.0703323943962459
