0.977402764085127 0.900840771679214 0.333222036286315 0.871120875726774 0.561083500793757 0.77029155324999 0.982090664583666 0.398089650068869 0.577448026746424 0.672831243813562 0.373315673306934 0.165441258886858 0.362096565866523 0.516801302193926
0.917964376883901 0.107499235869909 0.540851914844097 0.259820700070122 0.623744386190083 0.108028586899309 0.819509698256297 0.722963554999296 0.63730772717463 0.929720375181205 0.69175232627822 0.0115852715352958 0.442736252913164 0.772032408061932
0.816376291855704 0.288278814587102 0.863970048620104 0.312170902172511 0.145915072203934 0.55442661570487 0.515106616527191 0.331180792585656 0.393901656112575 0.211441185903823 0.63754936530313 0.652429554596893 0.765031650815217 0.944203322778776
0.423600902955513 0.769409754862863 0.216664720916015 0.286960387868021 0.312613653612061 0.859195708333573 0.651883453221672 0.916175002228556 0.214696689570701 0.00644724699304788 0.951588363332121 0.63209136794103 0.902366710335627 0.496703150896792
0.325347647121816 0.354358118504024 0.978464568281197 0.0661006252521474 0.846813705811655 0.220006144932995 0.202977778531931 0.534581919848279 0.333760954901663 0.188181024437654 0.807884571488103 0.703919926916569 0.152586335854721 0.749318695285183
0.0801440659997752 0.310385269767721 0.197684460399614 0.0114629548370431 0.653630579843593 0.161763109015737 0.0372960845706984 0.462977139508439 0.0293464798960485 0.275104292773904 0.496282943895494 0.0866529269078455 0.941301442242548 0.625770526461565
0.782809709773574 0.365686897657724 0.358656153828633 0.584301361926919 0.602552990301774 0.110004704070889 0.436254177737283 0.6527477399286 0.222226429203147 0.101718904188601 0.331833518997882 0.227952767119859 0.272766705660615 0.837466120166937
0.649933034375863 0.219696670497797 0.911134233501798 0.131056291778805 0.710076328508876 0.527356415102986 0.629267321772204 0.83762131079493 0.923950836535369 0.763187183518312 0.168539868842345 0.191633442376769 0.0711509084176214 0.336973433786625
0.490620341650356 0.527496451344632 0.639864442215185 0.846912425062328 0.183149625758233 0.402838104910188 0.295624169990333 0.743041402791278 0.613636163529009 0.386211802921025 0.381297460331552 0.28355798409757 0.686614232199645 0.42595348048053
0.188162026010104 0.341724350277218 0.89444958635795 0.217745200963691 0.893916934848676 0.762789078267815 0.917098554553377 0.295256862442329 0.75958260952757 0.834609059318609 0.886480509067042 0.581377927308495 0.223825427736301 0.603594151416473
0.11523630415104 0.157424868393718 0.516202994207561 0.688485522012343 0.297779846219782 0.303289220053557 0.360629722676094 0.147452543344116 0.528357468887407 0.120688171751681 0.186189696905785 0.748474957948929 0.0181877025570429 0.720770666179305
0.0189058062824188 0.79231524786519 0.272570938210265 0.523872486646724 0.677603781463404 0.353498560773005 0.128416137817112 0.301595808108686 0.548103917957633 0.432500389073539 0.620767144668207 0.724949775758432 0.129199896327918 0.510790035910759
0.94730231115318 0.241309681165149 0.0461139115286642 0.104896906468639 0.474581625814608 0.946807866966992 0.255581274403085 0.894724251495063 0.695469856178534 0.818610546881246 0.531191695881716 0.518090339486662 0.416123643946776 0.171205531678424
0.0742063653342484 0.71635745716776 0.811759270742186 0.323087028766167 0.275521504958306 0.795252507563418 0.414610975985852 0.789208103145938 0.260402872361738 0.181748172461084 0.928247560277669 0.124426734451845 0.862169875879772 0.27142270575132
0.621012594237982 0.115633905337745 0.293346619648219 0.624594693796098 0.842224232685112 0.965909594171535 0.943432995871262 0.23217303698766 0.0414259078315808 0.56103237046409 0.476260617491789 0.780996924451756 0.539950632475666 0.536377440133947
0.541564347149688 0.736069470356597 0.856905044398445 0.198590403510025 0.340364498482813 0.610014117766696 0.153571894043125 0.627190965591581 0.130783047206933 0.0407131800893694 0.55391122950823 0.917560960948322 0.479088854935981 0.414835186220444
0.175830479678552 0.865266918564885 0.75640720962474 0.451076188342995 0.968847708048997 0.362453678480961 0.33687261549494 0.102106912872841 0.858335436394555 0.281365243950859 0.037815453386429 0.45621907959503 0.217756002799433 0.384293262934079
0.692302548723092 0.912785209144204 0.239933860495512 0.673196571096923 0.540297115974681 0.047102514643484 0.350023614562815 0.3900001606562 0.95385210416498 0.300990943811485 0.357815378618398 0.60018978426524 0.384275514050387 0.109153075474751
0.369617673175526 0.605580569947051 0.428393737278384 0.468714880396874 0.215449323321081 0.32266037199588 0.854922668182553 0.0294691433336993 0.321644736130111 0.574277176954638 0.751480589664425 0.500126743172586 0.876627104767977 0.00110929689981276
0.353563425120228 0.848419807727623 0.12679180730629 0.668303862275934 0.489921637177758 0.733661329486495 0.786666827269073 0.500515740826813 0.73670852876603 0.636719167152478 0.675523777645139 0.0730405591893941 0.166555872914614 0.140816085713595
0.282567303114774 0.481452528772934 0.446411036547943 0.373460025151871 0.990700169990305 0.471856122305326 0.239134232582728 0.530260961146269 0.373682428020402 0.939946038979542 0.326076745855971 0.55064225220849 0.0546505428173987 0.444902650833683
0.263410268897132 0.125350700829586 0.784869814116973 0.33648875344079 0.251950261430466 0.377755279248959 0.120845776040369 0.685513313132105 0.778178272721561 0.978677540675562 0.436676090797846 0.75599314466308 0.591003620811534 0.318885028224031
0.936920448726596 0.257314708534977 0.713656482588704 0.544796061909437 0.791953395735618 0.408829785756097 0.395159873500234 0.198468711190799 0.586530375956499 0.739811970677692 0.74348955397727 0.566486874889961 0.493184168204607 0.68295597407996
0.207103553537308 0.191074321042834 0.511327164753311 0.596325740298198 0.751620735962206 0.13138649271059 0.187361715008592 0.816769499222573 0.0959792078574537 0.318978045088443 0.142414738576917 0.853277365473332 0.574534041272273 0.229255967366043
0.0451814593143354 0.696012127144058 0.571270954416832 0.760090552070324 0.196785083509894 0.830844870546571 0.572348210713244 0.612380312231835 0.00184658723446773 0.904947758928756 0.271136882991414 0.0947013853146927 0.428153616463533 0.85613924336576
0.232955335901352 0.971101938310312 0.618851153180003 0.562223294629803 0.66591828026867 0.901867421453062 0.551254696656542 0.848619666223385 0.433724235172122 0.861913458214985 0.0757475596910808 0.0165386662338278 0.29467208922506 0.043900723077968
0.162809335157363 0.0264250133950554 0.701910348096135 0.6363387876263 0.951452245612018 0.662931445895083 0.229625261523324 0.712012664505892 0.276110389819223 0.727520485412242 0.846840748265095 0.444178711713903 0.838768314086337 0.759340108055767
0.0940860083392181 0.410561908342061 0.185525842014613 0.177185816344718 0.512789688746125 0.241180604953115 0.301174691350752 0.0727092906781763 0.787308900962671 0.330086692218174 0.12107501666469 0.397439653501351 0.504266231506335 0.36565667927789
0.632935755100334 0.837941881429288 0.671941836702899 0.0534771756065311 0.383641764547065 0.591687080075644 0.0777718165591068 0.429891541480174 0.866347932769713 0.133847020239045 0.902255129298283 0.689072094344738 0.730418048402498 0.659244679020048
0.0492576403521525 0.0334431880874035 0.407413269542303 0.347742308600573 0.827262855651497 0.00361975088526378 0.614127119479235 0.00196909995429451 0.495776544252294 0.241338259689655 0.594089797134075 0.832243767759792 0.913788079604274 0.570089577988256
0.686683668769547 0.0731838326100842 0.257640368879947 0.395809098539758 0.129120269371924 0.210096299033466 0.718595891343284 0.565799699841591 0.515229845324939 0.717355647419026 0.665909827341238 0.669840949398349 0.121847192567657 0.461155801000132
0.749957156000164 0.988004151513451 0.0509769512609637 0.780981387350039 0.286190535094647 0.880302622150339 0.0545695055334363 0.758080564475677 0.0612116994780081 0.0629643285465136 0.728096563481813 0.428086926895048 0.465251229052228 0.997966767521575
0.32861585966748 0.444719266812172 0.396103315575601 0.481063706793066 0.237167264178424 0.597028965610662 0.0835419974428078 0.667005240335129 0.655372499608347 0.443093302867055 0.00387332184254774 0.383094537355646 0.857420137981535 0.826452140569018
0.761079470848927 0.422043767193827 0.602219357453578 0.422442393017263 0.0122917531880375 0.0661185854187352 0.727555286761344 0.54699110036745 0.456035236595199 0.578804059936374 0.782789328346553 0.373140852621873 0.242413225620112 0.184171938744839
0.457599978883081 0.952192804721562 0.222103865093231 0.748946964406059 0.913727779043256 0.574130904209596 0.312963439017039 0.364449711199995 0.951233453513851 0.0527332122983353 0.821885410507093 0.610830205027014 0.101246808502765 0.0619831563126354
0.885752530706668 0.459500658344041 0.724813876178814 0.969822959490557 0.0945608788533718 0.0204783953086007 0.990877239415568 0.323684108574525 0.191197284973896 0.480527148443798 0.651066798680404 0.260793335943163 0.3973713134219 0.0704992532300821
0.409928644159663 0.57519612278702 0.12190282152369 0.487121814298007 0.727561222312943 0.736412906535406 0.000453347518487135 0.964540517452406 0.721586652231053 0.161792589278775 0.909538840449386 0.970900116099074 0.785452382624499 0.920440075926308
0.139666935050627 0.629897392351268 0.167561906800984 0.241600932917208 0.166959770336689 0.267230287783605 0.497355778064957 0.036742313823197 0.669391101910151 0.502086227195832 0.510290069119947 0.817744085896265 0.0893932404324005 0.110538382396044
0.388709539616684 0.727268895992893 0.548468277229404 0.842139419055457 0.0311988719840883 0.684705220126489 0.478175043077499 0.77261607231776 0.812264525051432 0.420613390535436 0.713598923663085 0.681550952798716 0.613687798824685 0.902353887395293
0.241379193470493 0.888206798957981 0.00624859042727621 0.0290550500103564 0.740797244754503 0.923753090501123 0.108328395010176 0.584252430089691 0.154765476047032 0.344665741766221 0.23829699390626 0.985859012471337 0.992977563473687 0.692929378124973
0.77664887539504 0.378405669842323 0.99205396652178 0.643265114158567 0.638551440068113 0.493118094000238 0.777597830441664 0.975913275931816 0.410739954601013 0.603588157006016 0.287876965012401 0.94352110561158 0.260106443907716 0.711854027857044
0.659029438927973 0.0810212167052669 0.325717776155216 0.37533447138776 0.58398657561338 0.334655132948683 0.52740139699381 0.594857296964619 0.110578726613312 0.36364660883919 0.125939644880418 0.330830920836888 0.770119954526308 0.796046326242504
0.964102991358232 0.925727669069602 0.940524364992598 0.950338644528529 0.525374960714544 0.197693295503996 0.212318165566103 0.0843882969165861 0.092980732122669 0.853327358145179 0.871109446379705 0.87042682412357 0.825310199998057 0.977019923026091
0.279417272395222 0.533268293915171 0.880231695646216 0.505812509305542 0.44137021881761 0.262820264444599 0.958626840754732 0.238272160953784 0.163402167272579 0.9845416260614 0.995575380631635 0.346421338701475 0.930903763102833 0.646852018857317
0.800624514904484 0.144691802259331 0.311487801533076 0.898486575053539 0.410743284144701 0.0915782551128359 0.387228882067575 0.118964410030458 0.824328329767013 0.460225792125129 0.196296461264865 0.883443747570709 0.548726665521826 0.482002787251986
0.895949992787791 0.760832841806405 0.815654566900776 0.989834222011268 0.766177144749236 0.186417956025252 0.933347675781988 0.408830523243523 0.921368333143619 0.91184272668761 0.299558735921892 0.804541506713576 0.17360695311072 0.616998298886756
0.50251666312397 0.392267658800847 0.581324983435479 0.159600441147631 0.808124272847635 0.827160026830825 0.171564231601224 0.999736689820566 0.898752868954034 0.526810954386747 0.39354071168782 0.271442610992381 0.00145631087070797 0.196162717700645
0.551441696836264 0.500012421976862 0.781002651525341 0.932994560866064 0.45453103982436 0.641595616052655 0.673062118916278 0.489822267747513 0.836325897002098 0.80363363987999 0.0883270497761259 0.783942507077882 0.700029738571175 0.882320736352995
0.590947524324292 0.496945092272654 0.749521253317653 0.797305467469414 0.955863722541835 0.447001377768174 0.88624096996864 0.923060366138088 0.603152827250597 0.147649736780295 0.100839418173564 0.0539947331308213 0.982282992488763 0.257460439079296
0.44699670070986 0.967027581438742 0.930799716625188 0.0333924009210023 0.0881403681560187 0.545721156879154 0.742987751036708 0.480349615791056 0.677485796823021 0.961326971366361 0.462885800792719 0.155702631345775 0.522831424197648 0.397327191134536
0.593855170249299 0.617130264545267 0.104302075618762 0.0874950123070448 0.0464972538684378 0.862351251591463 0.829466719176708 0.280778958051087 0.886108985825558 0.394017247082957 0.0561977608012967 0.537204642801953 0.596348110098916 0.936810337458155
0.716754386299726 0.802054338066228 0.963538393665658 0.226898327571689 0.921970036612038 0.992740278412384 0.457778817210055 0.186288727400097 0.179241140474915 0.649255420379632 0.253239153276809 0.0359574469257495 0.353380189426389 0.289498797872511
0.566955536702153 0.212993154782453 0.0711534920483246 0.788299889525661 0.878350452843733 0.515092747529707 0.60876498594007 0.887473118702474 0.987182751632645 0.667103420459171 0.0260037897060101 0.490545329412271 0.298489622535271 0.345501601790602
0.0108984799262544 0.556905073783128 0.0178100968259969 0.908931099995243 0.367009970090294 0.453389150497969 0.871984072386113 0.0479723506141454 0.28444448195296 0.615102297702833 0.97785335167282 0.933229957914591 0.709016396936931 0.560743051759346
0.48357535460309 0.313488884738035 0.655879623409419 0.112215737859515 0.0623861924068478 0.711449752376211 0.274403316081589 0.156310257912992 0.713573355249537 0.258919507406972 0.218875249418488 0.127830778583302 0.738884961756412 0.859671800397336
0.837071965939685 0.814732077960798 0.464467934780259 0.146587275907223 0.344879997479438 0.69213519548066 0.906011263257824 0.864139059678564 0.452463803962019 0.876555854440085 0.418779863328382 0.31326003956201 0.327424874074495 0.0292808734084247
0.855701253887673 0.27506691569215 0.381365003358951 0.875743301421608 0.112119063651335 0.432113254581054 0.80510479323857 0.344385307758785 0.481599299761001 0.084549480372516 0.569321616185334 0.409638855860976 0.328869292359741 0.805519517387438
0.149696795473574 0.589458833597746 0.492205256410671 0.72185947511025 0.433405362033227 0.969021249176876 0.0239787317696027 0.44466558714339 0.386371355074516 0.0247866913850885 0.212917875509447 0.959639384716866 0.662697899078921 0.248489951347437
0.528781043707568 0.0123639306220866 0.470451907061943 0.420177561725723 0.225108354537952 0.286679301567347 0.588225619438163 0.800070991605025 0.0720122738457576 0.225697324618523 0.9567315315835 0.302196579796146 0.194202137648972 0.0834183404585929
0.985803140556527 0.680083045815991 0.834445296241029 0.962954682625423 0.872175784472347 0.912906410285359 0.760377149155829 0.263717872257985 0.308904658471874 0.781123443219258 0.544233727447136 0.897509411050123 0.960726218323543 0.213117351577239
0.399513773492799 0.0600530140109186 0.149994915394927 0.710609470515919 0.568086081984802 0.800293134871026 0.695590612867818 0.939599544562952 0.533046372860554 0.542562381066091 0.766243333433522 0.234878117291373 0.639650278262707 0.130988234464894
0.724576302607602 0.178463698615815 0.0895477023950662 0.819370835779409 0.400852784317976 0.636843435149785 0.531990106308513 0.127150943051674 0.353042689868744 0.490347811806714 0.593070239432564 0.478088414365629 0.0336736622302851 0.967341015100828
0.307631735395262 0.645277916391933 0.36062878652956 0.275157169442537 0.07406827747036 0.15160994325197 0.65843668247544 0.703076161447825 0.972007453772676 0.78822391693393 0.834938233678258 0.179396177958552 0.810230009934457 0.592996120794851
0.862722237063281 0.660528552707547 0.66505875573057 0.571155199952045 0.692339731700486 0.0345620134175988 0.44494584243148 0.20359266455489 0.248084924362047 0.692775039547996 0.449191173771396 0.205186039311229 0.651918257848592 0.297193020574923
