0.10775742806436 0.411205520729709 0.13403011668197 0.0708743390277959 0.109402683920052 0.891954843289568 0.210785788560315
0.215433423556533 0.923959318723064 0.459285221670143 0.109582364810194 0.938062236258702 0.476788067160669 0.918614557125693
0.892937498825631 0.977445268312295 0.0852259785278875 0.200601213775371 0.784974272122781 0.13596607571526 0.052702322100231
0.267143258402939 0.323766179422819 0.0564893575283349 0.872030044894927 0.574845869341516 0.19950065514422 0.246594875137816
0.171111989915516 0.999463866632141 0.549205962423002 0.748730565941514 0.286606049423426 0.62545470733312 0.571009866180248
0.0230436911770084 0.0317853999331419 0.0062260263839562 0.818425566805672 0.210452868857828 0.14976160880542 0.950279240627424
0.447239296332555 0.123615551488911 0.563595178235119 0.390674839618441 0.626270393302548 0.242434456526098 0.639652255977126
0.786884240638756 0.226469351819105 0.04125302556713 0.551256059065054 0.686924635418109 0.450055434332171 0.232209977479215
0.983094399874972 0.441145916811365 0.340110863107839 0.0284322760417126 0.233931456710707 0.234218843816052 0.901862810547755
0.0143866606522352 0.12548258411698 0.758084263852652 0.335740052567417 0.509374819830555 0.684435755065351 0.55137177832512
0.406932092511852 0.731511247664457 0.182835536463244 0.215241873338528 0.660889185324777 0.689342173653131 0.403654763362283
0.762218089406815 0.519803620234597 0.661638357996708 0.882668569152884 0.769722211432963 0.498249507832952 0.763686460526515
0.823771047060291 0.435130900357763 0.537237960012135 0.443862579362758 0.143869122588512 0.160886782792659 0.92726980281077
0.852048300504975 0.0116614379912789 0.900380077684531 0.276089478815265 0.763347402593354 0.762260907915334 0.171979426333564
0.601537036243826 0.390625144733349 0.509649144583818 0.764435033248446 0.903137626220996 0.974005413649138 0.387470286248572
0.938525538418617 0.289164712085039 0.681504844455048 0.384324284088507 0.862298488231318 0.986671291448147 0.370077217681683
0.0770394335195306 0.60853302938267 0.804823815196869 0.721952180207154 0.538483476128022 0.00898264889474376 0.47167016370804
0.684363963133364 0.183321100987087 0.698022982101975 0.371676317052334 0.856786667267443 0.726436067670875 0.0393595286914206
0.528398863865732 0.0186267159297131 0.365094348588173 0.498419925701455 0.0897887465325766 0.370989329905569 0.459937592018832
0.22250551592515 0.787785167423863 0.839554391626734 0.177055790391023 0.622264377710962 0.0826898278392036 0.690958081271674
0.287404903385323 0.541748257342988 0.704432704395003 0.608527409225644 0.708741158672638 0.0941430278035114 0.613649592294678
0.153581941733137 0.484743044769857 0.065351414046745 0.929015873192839 0.246434142041835 0.0464171682215238 0.799286416055111
0.913359401642083 0.954335501101014 0.782747512221249 0.978369382293749 0.697689897227974 0.562452675370878 0.956811963969812
0.872129701238009 0.754789941540366 0.400867312797345 0.682392700251512 0.0583957205490151 0.28723693703796 0.408912348262675
0.0576867385898368 0.279484510640032 0.729647497471888 0.698466943107633 0.547668463459559 0.61458841658532 0.125098273154435
0.13217827594417 0.304794931369543 0.353106822523841 0.472425975145597 0.609228405075555 0.40968520518436 0.515283589003957
0.355741568993835 0.907959033527732 0.452140483754192 0.166512236632116 0.16263795280247 0.0604155988039565 0.00598628396983258
0.336495903920877 0.0764673259618576 0.516555987313041 0.537448314262292 0.875557075007237 0.110213369011035 0.841537765689282
0.566468485205405 0.358440188942041 0.844888021907536 0.855165532211686 0.834377251892874 0.841085987492988 0.977094268102519
0.321684336966428 0.952942594209162 0.103053637121775 0.577853339647845 0.277322684203682 0.397472444474261 0.813857363817078
0.989663294974889 0.208232073840918 0.112926308436727 0.588475493805163 0.741447861746565 0.792886444731266 0.578684980126127
0.66721015377334 0.237071503415791 0.654707608340686 0.77265245259332 0.486759511444689 0.855361874466325 0.198453693315969
0.379197787231533 0.888205921484769 0.978005608671083 0.967984040249576 0.73370868445636 0.180861770029878 0.986301408585859
0.809564055063674 0.656962799446774 0.257264780873811 0.808781804749742 0.449965525604057 0.882181482113083 0.869792037134175
0.187509576549928 0.0976659965090221 0.586229823766189 0.0553116204100661 0.0724167252446932 0.0762628058437258 0.0205905893635645
0.694925432413584 0.766132050193846 0.427014966582647 0.429141723696375 0.82337452678621 0.346925226374879 0.262119240444008
0.775741558547452 0.633300680139655 0.746244969861436 0.031392166056321 0.328777866419841 0.666623121731391 0.0975390460553172
0.829876202209562 0.058205922072375 0.991425651565805 0.0888613050192362 0.308164158730506 0.77382660082003 0.718526052271045
0.922497796073003 0.836546531794738 0.291591678422265 0.629987279618945 0.00718790644532419 0.0258829963822791 0.0812758092433796
0.730495951480407 0.0910498912708135 0.20885646793613 0.230887487439759 0.806638597150595 0.258829348786094 0.516284260083921
0.303917476489005 0.161306890222477 0.190253704371571 0.154394213939668 0.582334009413898 0.947738892224152 0.723194694492122
0.704152839643939 0.735833994833229 0.420650035521248 0.646820423273311 0.987918458991771 0.567652560399438 0.309880600623728
0.24274975235312 0.468025750626111 0.489037522223953 0.911566984861565 0.924718524824129 0.329542276122083 0.657610871181532
0.885969344060868 0.506288443637459 0.927944842398574 0.282078849613754 0.365934312630998 0.814064693655382 0.538712315468729
0.646273705420754 0.37644838766937 0.618495753278694 0.529295383075805 0.346458327883738 0.734868512598041 0.147143533111375
0.185649079197901 0.471372411331686 0.23114725956475 0.456364665802539 0.0267352917908283 0.26806470198062 0.608156406782655
0.40179540421741 0.84773850309648 0.632055281923385 0.131378498947015 0.653409283950168 0.545557376331999 0.849832911382691
0.630142150839674 0.263573446423834 0.964913656454883 0.614775461079262 0.376618041780603 0.325302039040253 0.340254354265198
0.464536773790314 0.147282613146672 0.247051313450356 0.0975655529218784 0.12964042114254 0.305841698995209 0.288204048887565
0.537117218504136 0.703052275137452 0.946125857615698 0.410024098200665 0.254252208931575 0.596881172103167 0.790034119076154
0.590102563277469 0.869076024944661 0.274758683121036 0.706193571528274 0.177128977466054 0.425407053327945 0.437098423157295
0.0391383623937145 0.371693687968218 0.768944294297398 0.787752606542199 0.407813543977682 0.213963328358659 0.315248417628027
0.425727137644571 0.71267762046773 0.469922897926153 0.895375588454044 0.465879746974679 0.377192871445004 0.10970160477882
0.493532455253444 0.331335838105588 0.60110173682915 0.263164511110517 0.475359352658415 0.468305325361143 0.878492516803817
0.552936270720238 0.1991720092592 0.86312897132666 0.942593746545754 0.104250215204956 0.711116913382284 0.768117194445949
0.502103755676217 0.652522259562829 0.315235102356382 0.315646838807879 0.972767126499093 0.525539174697769 0.682619930797955
0.255083916141302 0.593061850613594 0.883055425445491 0.348229075698328 0.0336797528652824 0.589363416638662 0.439953538338159
0.478013910687878 0.896621439587761 0.911079947069084 0.301562687564001 0.198468994847644 0.80241916333398 0.0685132311264169
0.740615583225008 0.68611727742973 0.164931901970704 0.992219118783396 0.531233401918143 0.918145847830601 0.486628197442769
0.0818754225147131 0.565177831289475 0.378211233535694 0.508971074850706 0.314789270785695 0.512159933266958 0.156494473711064
0.110681666297751 0.804101855435874 0.813921358574589 0.838225729927217 0.424044206585677 0.928956150790327 0.74686503198609
0.615731645109918 0.623640224413975 0.140632341288438 0.0129057070698764 0.397183415352629 0.861996780735353 0.27965394189232
0.366464812017512 0.818165234482876 0.305234058814676 0.659929938799905 0.911672021717095 0.651133303377719 0.653721822029183
0.956083033088362 0.553904481072095 0.0242599504563259 0.238192974506092 0.954991127422545 0.96320302705135 0.347371335657954
